-------------------------------- CUDA

Test #1
Command: C:\Users\am54190\Downloads\EvalCuda\x64\Debug\EvalCuda.exe 4073 4021 32 0.0025 1 0 5 0 5
-----  INITIAL   -----
        0.00        0.00        0.00        0.00        0.00
        0.00 16361349.00 32714556.00 49059621.00 65396544.00
        0.00 32714660.00 65413040.00 98095140.00130760960.00
        0.00 49059933.00 98095452.00147106557.00196093248.00
        0.00 65397168.00130761792.00196093872.00261393408.00

----- SEQUENTIAL -----
        0.00        0.00        0.00        0.00        0.00
        0.00 16360102.38 32712666.93 49057112.66 65393417.26
        0.00 32712763.22 65410454.20 98091911.22130757089.70
        0.00 49057408.94 98092214.93147102675.81196088724.71
        0.00 65394017.53130757905.09196089340.39261388234.27

-----  PARALLEL  -----
        0.00        0.00        0.00        0.00        0.00
        0.00 16360102.38 32712666.93 49057112.66 65393417.26
        0.00 32712763.22 65410454.20 98091911.22130757089.70
        0.00 49057408.94 98092214.93147102675.81196088724.71
        0.00 65394017.53130757905.09196089340.39261388234.27

Runtime sequential: 1.27 seconds
Runtime parallel  : 0.40 seconds
Acceleration      : 3.18

Test #2
Command: C:\Users\am54190\Downloads\EvalCuda\x64\Debug\EvalCuda.exe 212 278 9865 0.0025 1 0 5 273 278
-----  INITIAL   -----
        0.00        0.00        0.00        0.00        0.00
   229320.00   172620.00   115500.00    57960.00        0.00
   456456.00   343596.00   229900.00   115368.00        0.00
   681408.00   512928.00   343200.00   172224.00        0.00
   904176.00   680616.00   455400.00   228528.00        0.00

----- SEQUENTIAL -----
        0.00        0.00        0.00        0.00        0.00
   211913.11   159090.13   106134.93    53090.10        0.00
   423585.80   317999.77   212149.45   106119.97        0.00
   634782.53   476552.09   317925.59   159030.60        0.00
   845277.12   634577.29   423350.07   211765.32        0.00

-----  PARALLEL  -----
        0.00        0.00        0.00        0.00        0.00
   211913.11   159090.13   106134.93    53090.10        0.00
   423585.80   317999.77   212149.45   106119.97        0.00
   634782.53   476552.09   317925.59   159030.60        0.00
   845277.12   634577.29   423350.07   211765.32        0.00

Runtime sequential: 1.27 seconds
Runtime parallel  : 0.23 seconds
Acceleration      : 5.40

Test #3
Command: C:\Users\am54190\Downloads\EvalCuda\x64\Debug\EvalCuda.exe 8367 26 3133 0.0025 1 8362 8367 0 5
-----  INITIAL   -----
        0.00   802752.00  1538608.00  2207568.00  2809632.00
        0.00   602136.00  1154094.00  1655874.00  2107476.00
        0.00   401472.00   769488.00  1104048.00  1405152.00
        0.00   200760.00   384790.00   552090.00   702660.00
        0.00        0.00        0.00        0.00        0.00

----- SEQUENTIAL -----
        0.00   622996.73  1232623.54  1816349.54  2363164.05
        0.00   467272.06   924516.15  1362333.61  1772466.00
        0.00   311526.81   616368.05   908257.70  1181689.93
        0.00   155767.13   308191.40   454139.71   590859.09
        0.00        0.00        0.00        0.00        0.00

-----  PARALLEL  -----
        0.00   622996.73  1232623.54  1816349.54  2363164.05
        0.00   467272.06   924516.15  1362333.61  1772466.00
        0.00   311526.81   616368.05   908257.70  1181689.93
        0.00   155767.13   308191.40   454139.71   590859.09
        0.00        0.00        0.00        0.00        0.00

Runtime sequential: 1.44 seconds
Runtime parallel  : 0.28 seconds
Acceleration      : 5.13

Test #4
Command: C:\Users\am54190\Downloads\EvalCuda\x64\Debug\EvalCuda.exe 9 9375 9500 0.0025 1 4 9 9370 9375
-----  INITIAL   -----
   599680.00   449808.00   299904.00   149968.00        0.00
   562200.00   421695.00   281160.00   140595.00        0.00
   449760.00   337356.00   224928.00   112476.00        0.00
   262360.00   196791.00   131208.00    65611.00        0.00
        0.00        0.00        0.00        0.00        0.00

----- SEQUENTIAL -----
    16620.22    12465.52     8310.52     4155.31        0.00
    15355.09    11516.64     7677.92     3839.01        0.00
    11752.27     8814.45     5876.42     2938.25        0.00
     6360.28     4770.35     3180.30     1590.17        0.00
        0.00        0.00        0.00        0.00        0.00

-----  PARALLEL  -----
    16620.22    12465.52     8310.52     4155.31        0.00
    15355.09    11516.64     7677.92     3839.01        0.00
    11752.27     8814.45     5876.42     2938.25        0.00
     6360.28     4770.35     3180.30     1590.17        0.00
        0.00        0.00        0.00        0.00        0.00

Runtime sequential: 1.52 seconds
Runtime parallel  : 0.25 seconds
Acceleration      : 6.06

-------------------------------- OpenCL
Test #1
Command: C:\Users\am54190\source\repos\EvalOpenCL\Debug\EvalOpenCL.exe 4073 4021 32 0.0025 1 0 5 0 5 ..\EvalOpenCL\kernel.cl
-----  INITIAL   -----
        0.00        0.00        0.00        0.00        0.00
        0.00 16361349.00 32714556.00 49059621.00 65396544.00
        0.00 32714660.00 65413040.00 98095140.00130760960.00
        0.00 49059933.00 98095452.00147106557.00196093248.00
        0.00 65397168.00130761792.00196093872.00261393408.00

----- SEQUENTIAL -----
        0.00        0.00        0.00        0.00        0.00
        0.00 16360102.38 32712666.93 49057112.66 65393417.26
        0.00 32712763.22 65410454.20 98091911.22130757089.70
        0.00 49057408.94 98092214.93147102675.81196088724.71
        0.00 65394017.53130757905.09196089340.39261388234.27

-----  PARALLEL  -----
        0.00        0.00        0.00        0.00        0.00
        0.00 16360102.38 32712666.93 49057112.66 65393417.26
        0.00 32712763.22 65410454.20 98091911.22130757089.70
        0.00 49057408.94 98092214.93147102675.81196088724.71
        0.00 65394017.53130757905.09196089340.39261388234.27

Runtime sequential: 1.27 seconds
Runtime parallel  : 0.35 seconds
Acceleration      : 3.59

Test #2
Command: C:\Users\am54190\source\repos\EvalOpenCL\Debug\EvalOpenCL.exe 212 278 9865 0.0025 1 0 5 273 278 ..\EvalOpenCL\kernel.cl
-----  INITIAL   -----
        0.00        0.00        0.00        0.00        0.00
   229320.00   172620.00   115500.00    57960.00        0.00
   456456.00   343596.00   229900.00   115368.00        0.00
   681408.00   512928.00   343200.00   172224.00        0.00
   904176.00   680616.00   455400.00   228528.00        0.00

----- SEQUENTIAL -----
        0.00        0.00        0.00        0.00        0.00
   211913.11   159090.13   106134.93    53090.10        0.00
   423585.80   317999.77   212149.45   106119.97        0.00
   634782.53   476552.09   317925.59   159030.60        0.00
   845277.12   634577.29   423350.07   211765.32        0.00

-----  PARALLEL  -----
        0.00        0.00        0.00        0.00        0.00
   211913.11   159090.13   106134.93    53090.10        0.00
   423585.80   317999.77   212149.45   106119.97        0.00
   634782.53   476552.09   317925.59   159030.60        0.00
   845277.12   634577.29   423350.07   211765.32        0.00

Runtime sequential: 1.26 seconds
Runtime parallel  : 0.22 seconds
Acceleration      : 5.83

Test #3
Command: C:\Users\am54190\source\repos\EvalOpenCL\Debug\EvalOpenCL.exe 8367 26 3133 0.0025 1 8362 8367 0 5 ..\EvalOpenCL\kernel.cl
-----  INITIAL   -----
        0.00   802752.00  1538608.00  2207568.00  2809632.00
        0.00   602136.00  1154094.00  1655874.00  2107476.00
        0.00   401472.00   769488.00  1104048.00  1405152.00
        0.00   200760.00   384790.00   552090.00   702660.00
        0.00        0.00        0.00        0.00        0.00

----- SEQUENTIAL -----
        0.00   622996.73  1232623.54  1816349.54  2363164.05
        0.00   467272.06   924516.15  1362333.61  1772466.00
        0.00   311526.81   616368.05   908257.70  1181689.93
        0.00   155767.13   308191.40   454139.71   590859.09
        0.00        0.00        0.00        0.00        0.00

-----  PARALLEL  -----
        0.00   622996.73  1232623.54  1816349.54  2363164.05
        0.00   467272.06   924516.15  1362333.61  1772466.00
        0.00   311526.81   616368.05   908257.70  1181689.93
        0.00   155767.13   308191.40   454139.71   590859.09
        0.00        0.00        0.00        0.00        0.00

Runtime sequential: 1.42 seconds
Runtime parallel  : 0.26 seconds
Acceleration      : 5.45

Test #4
Command: C:\Users\am54190\source\repos\EvalOpenCL\Debug\EvalOpenCL.exe 9 9375 9500 0.0025 1 4 9 9370 9375 ..\EvalOpenCL\kernel.cl
-----  INITIAL   -----
   599680.00   449808.00   299904.00   149968.00        0.00
   562200.00   421695.00   281160.00   140595.00        0.00
   449760.00   337356.00   224928.00   112476.00        0.00
   262360.00   196791.00   131208.00    65611.00        0.00
        0.00        0.00        0.00        0.00        0.00

----- SEQUENTIAL -----
    16620.22    12465.52     8310.52     4155.31        0.00
    15355.09    11516.64     7677.92     3839.01        0.00
    11752.27     8814.45     5876.42     2938.25        0.00
     6360.28     4770.35     3180.30     1590.17        0.00
        0.00        0.00        0.00        0.00        0.00

-----  PARALLEL  -----
    16620.22    12465.52     8310.52     4155.31        0.00
    15355.09    11516.64     7677.92     3839.01        0.00
    11752.27     8814.45     5876.42     2938.25        0.00
     6360.28     4770.35     3180.30     1590.17        0.00
        0.00        0.00        0.00        0.00        0.00

Runtime sequential: 1.53 seconds
Runtime parallel  : 0.24 seconds
Acceleration      : 6.41

