➜  l2 git:(dev/howardlab2) ✗ ./prep.sh AJ09610
sed: -i may not be used with stdin
sed: 1: "prep.sh": extra characters at the end of p command
Current working directory: /Users/poutine/Documents/_git/LOG645/l2
>>> [SERVER] : deleting old contents
>>> [SERVER] : transferring new files

lab2.c                                                                                                 100% 6187   247.8KB/s   00:00
Makefile                                                                                               100%  425    17.8KB/s   00:00
run.sh                                                                                                 100%  508    22.0KB/s   00:00
mkdir -p build/
gcc -Wall -fPIC -fopenmp -m64 -O3 -c src/lab2.c -o build/lab2.o
gcc -Wall -fPIC -fopenmp -m64 -o lab2 build/lab2.o

>>> 16 1 10 2
[Sequential : Prob = #1, procs = 64, threads = 1, initValue = 10, iterations = 2 ]
    10     12     14     16     18     20     22     24     26     28     30     32
    12     14     16     18     20     22     24     26     28     30     32     34
    14     16     18     20     22     24     26     28     30     32     34     36
    16     18     20     22     24     26     28     30     32     34     36     38
    18     20     22     24     26     28     30     32     34     36     38     40
    20     22     24     26     28     30     32     34     36     38     40     42
    22     24     26     28     30     32     34     36     38     40     42     44
    24     26     28     30     32     34     36     38     40     42     44     46
    26     28     30     32     34     36     38     40     42     44     46     48
    28     30     32     34     36     38     40     42     44     46     48     50
    30     32     34     36     38     40     42     44     46     48     50     52
    32     34     36     38     40     42     44     46     48     50     52     54

[Parallel : Prob = #1, procs = 64, threads = 16, initValue = 10, iterations = 2 ]
    10     12     14     16     18     20     22     24     26     28     30     32
    12     14     16     18     20     22     24     26     28     30     32     34
    14     16     18     20     22     24     26     28     30     32     34     36
    16     18     20     22     24     26     28     30     32     34     36     38
    18     20     22     24     26     28     30     32     34     36     38     40
    20     22     24     26     28     30     32     34     36     38     40     42
    22     24     26     28     30     32     34     36     38     40     42     44
    24     26     28     30     32     34     36     38     40     42     44     46
    26     28     30     32     34     36     38     40     42     44     46     48
    28     30     32     34     36     38     40     42     44     46     48     50
    30     32     34     36     38     40     42     44     46     48     50     52
    32     34     36     38     40     42     44     46     48     50     52     54

Runtime sequential: 7.212736 seconds
Runtime parallel: 0.461280 seconds
Acceleration: 15.636351
Efficiency: 0.977272
<<<

>>> 16 1 10 4
[Sequential : Prob = #1, procs = 64, threads = 1, initValue = 12, iterations = 4 ]
    12     16     20     24     28     32     36     40     44     48     52     56
    16     20     24     28     32     36     40     44     48     52     56     60
    20     24     28     32     36     40     44     48     52     56     60     64
    24     28     32     36     40     44     48     52     56     60     64     68
    28     32     36     40     44     48     52     56     60     64     68     72
    32     36     40     44     48     52     56     60     64     68     72     76
    36     40     44     48     52     56     60     64     68     72     76     80
    40     44     48     52     56     60     64     68     72     76     80     84
    44     48     52     56     60     64     68     72     76     80     84     88
    48     52     56     60     64     68     72     76     80     84     88     92
    52     56     60     64     68     72     76     80     84     88     92     96
    56     60     64     68     72     76     80     84     88     92     96    100

[Parallel : Prob = #1, procs = 64, threads = 16, initValue = 12, iterations = 4 ]
    12     16     20     24     28     32     36     40     44     48     52     56
    16     20     24     28     32     36     40     44     48     52     56     60
    20     24     28     32     36     40     44     48     52     56     60     64
    24     28     32     36     40     44     48     52     56     60     64     68
    28     32     36     40     44     48     52     56     60     64     68     72
    32     36     40     44     48     52     56     60     64     68     72     76
    36     40     44     48     52     56     60     64     68     72     76     80
    40     44     48     52     56     60     64     68     72     76     80     84
    44     48     52     56     60     64     68     72     76     80     84     88
    48     52     56     60     64     68     72     76     80     84     88     92
    52     56     60     64     68     72     76     80     84     88     92     96
    56     60     64     68     72     76     80     84     88     92     96    100

Runtime sequential: 7.221806 seconds
Runtime parallel: 0.460012 seconds
Acceleration: 15.699169
Efficiency: 0.981198
<<<

>>> 16 1 10 3
[Sequential : Prob = #1, procs = 64, threads = 1, initValue = 12, iterations = 3 ]
    12     15     18     21     24     27     30     33     36     39     42     45
    15     18     21     24     27     30     33     36     39     42     45     48
    18     21     24     27     30     33     36     39     42     45     48     51
    21     24     27     30     33     36     39     42     45     48     51     54
    24     27     30     33     36     39     42     45     48     51     54     57
    27     30     33     36     39     42     45     48     51     54     57     60
    30     33     36     39     42     45     48     51     54     57     60     63
    33     36     39     42     45     48     51     54     57     60     63     66
    36     39     42     45     48     51     54     57     60     63     66     69
    39     42     45     48     51     54     57     60     63     66     69     72
    42     45     48     51     54     57     60     63     66     69     72     75
    45     48     51     54     57     60     63     66     69     72     75     78

[Parallel : Prob = #1, procs = 64, threads = 16, initValue = 12, iterations = 3 ]
    12     15     18     21     24     27     30     33     36     39     42     45
    15     18     21     24     27     30     33     36     39     42     45     48
    18     21     24     27     30     33     36     39     42     45     48     51
    21     24     27     30     33     36     39     42     45     48     51     54
    24     27     30     33     36     39     42     45     48     51     54     57
    27     30     33     36     39     42     45     48     51     54     57     60
    30     33     36     39     42     45     48     51     54     57     60     63
    33     36     39     42     45     48     51     54     57     60     63     66
    36     39     42     45     48     51     54     57     60     63     66     69
    39     42     45     48     51     54     57     60     63     66     69     72
    42     45     48     51     54     57     60     63     66     69     72     75
    45     48     51     54     57     60     63     66     69     72     75     78

Runtime sequential: 7.224103 seconds
Runtime parallel: 0.461246 seconds
Acceleration: 15.662148
Efficiency: 0.978884
<<<
>>> ________ [EVALUATION : Problem #1] ________

>>> 53 1 3 600 (Acceleration doit etre plus que 45)
[Sequential : Prob = #1, procs = 64, threads = 1, initValue = 3, iterations = 600 ]
     3    603   1203   1803   2403   3003   3603   4203   4803   5403   6003   6603
   603   1203   1803   2403   3003   3603   4203   4803   5403   6003   6603   7203
  1203   1803   2403   3003   3603   4203   4803   5403   6003   6603   7203   7803
  1803   2403   3003   3603   4203   4803   5403   6003   6603   7203   7803   8403
  2403   3003   3603   4203   4803   5403   6003   6603   7203   7803   8403   9003
  3003   3603   4203   4803   5403   6003   6603   7203   7803   8403   9003   9603
  3603   4203   4803   5403   6003   6603   7203   7803   8403   9003   9603  10203
  4203   4803   5403   6003   6603   7203   7803   8403   9003   9603  10203  10803
  4803   5403   6003   6603   7203   7803   8403   9003   9603  10203  10803  11403
  5403   6003   6603   7203   7803   8403   9003   9603  10203  10803  11403  12003
  6003   6603   7203   7803   8403   9003   9603  10203  10803  11403  12003  12603
  6603   7203   7803   8403   9003   9603  10203  10803  11403  12003  12603  13203

[Parallel : Prob = #1, procs = 64, threads = 53, initValue = 3, iterations = 600 ]
     3    603   1203   1803   2403   3003   3603   4203   4803   5403   6003   6603
   603   1203   1803   2403   3003   3603   4203   4803   5403   6003   6603   7203
  1203   1803   2403   3003   3603   4203   4803   5403   6003   6603   7203   7803
  1803   2403   3003   3603   4203   4803   5403   6003   6603   7203   7803   8403
  2403   3003   3603   4203   4803   5403   6003   6603   7203   7803   8403   9003
  3003   3603   4203   4803   5403   6003   6603   7203   7803   8403   9003   9603
  3603   4203   4803   5403   6003   6603   7203   7803   8403   9003   9603  10203
  4203   4803   5403   6003   6603   7203   7803   8403   9003   9603  10203  10803
  4803   5403   6003   6603   7203   7803   8403   9003   9603  10203  10803  11403
  5403   6003   6603   7203   7803   8403   9003   9603  10203  10803  11403  12003
  6003   6603   7203   7803   8403   9003   9603  10203  10803  11403  12003  12603
  6603   7203   7803   8403   9003   9603  10203  10803  11403  12003  12603  13203

Runtime sequential: 7.205601 seconds
Runtime parallel: 0.170412 seconds
Acceleration: 42.283413
Efficiency: 0.797800