>>> ________ [EVALUATION : Problem #1] ________

>>> 16 1 10 2
[Sequential : Prob = #1, procs = 64, threads = 1, initValue = 10, iterations = 2 ]
    10     12     14     16     18     20     22     24     26     28     30     32
    12     14     16     18     20     22     24     26     28     30     32     34
    14     16     18     20     22     24     26     28     30     32     34     36
    16     18     20     22     24     26     28     30     32     34     36     38
    18     20     22     24     26     28     30     32     34     36     38     40
    20     22     24     26     28     30     32     34     36     38     40     42
    22     24     26     28     30     32     34     36     38     40     42     44
    24     26     28     30     32     34     36     38     40     42     44     46
    26     28     30     32     34     36     38     40     42     44     46     48
    28     30     32     34     36     38     40     42     44     46     48     50
    30     32     34     36     38     40     42     44     46     48     50     52
    32     34     36     38     40     42     44     46     48     50     52     54

[Parallel : Prob = #1, procs = 64, threads = 16, initValue = 10, iterations = 2 ]
    10     12     14     16     18     20     22     24     26     28     30     32
    12     14     16     18     20     22     24     26     28     30     32     34
    14     16     18     20     22     24     26     28     30     32     34     36
    16     18     20     22     24     26     28     30     32     34     36     38
    18     20     22     24     26     28     30     32     34     36     38     40
    20     22     24     26     28     30     32     34     36     38     40     42
    22     24     26     28     30     32     34     36     38     40     42     44
    24     26     28     30     32     34     36     38     40     42     44     46
    26     28     30     32     34     36     38     40     42     44     46     48
    28     30     32     34     36     38     40     42     44     46     48     50
    30     32     34     36     38     40     42     44     46     48     50     52
    32     34     36     38     40     42     44     46     48     50     52     54

Runtime sequential: 11.531558 seconds
Runtime parallel: 0.735809 seconds
Acceleration: 15.671945
Efficiency: 0.979497
<<<
>>> ________ [EVALUATION : Problem #1 sur 600 iterations] ________

>>> 53 1 3 600
[Sequential : Prob = #1, procs = 64, threads = 1, initValue = 3, iterations = 600 ]
     3    603   1203   1803   2403   3003   3603   4203   4803   5403   6003   6603
   603   1203   1803   2403   3003   3603   4203   4803   5403   6003   6603   7203
  1203   1803   2403   3003   3603   4203   4803   5403   6003   6603   7203   7803
  1803   2403   3003   3603   4203   4803   5403   6003   6603   7203   7803   8403
  2403   3003   3603   4203   4803   5403   6003   6603   7203   7803   8403   9003
  3003   3603   4203   4803   5403   6003   6603   7203   7803   8403   9003   9603
  3603   4203   4803   5403   6003   6603   7203   7803   8403   9003   9603  10203
  4203   4803   5403   6003   6603   7203   7803   8403   9003   9603  10203  10803
  4803   5403   6003   6603   7203   7803   8403   9003   9603  10203  10803  11403
  5403   6003   6603   7203   7803   8403   9003   9603  10203  10803  11403  12003
  6003   6603   7203   7803   8403   9003   9603  10203  10803  11403  12003  12603
  6603   7203   7803   8403   9003   9603  10203  10803  11403  12003  12603  13203

[Parallel : Prob = #1, procs = 64, threads = 53, initValue = 3, iterations = 600 ]
     3    603   1203   1803   2403   3003   3603   4203   4803   5403   6003   6603
   603   1203   1803   2403   3003   3603   4203   4803   5403   6003   6603   7203
  1203   1803   2403   3003   3603   4203   4803   5403   6003   6603   7203   7803
  1803   2403   3003   3603   4203   4803   5403   6003   6603   7203   7803   8403
  2403   3003   3603   4203   4803   5403   6003   6603   7203   7803   8403   9003
  3003   3603   4203   4803   5403   6003   6603   7203   7803   8403   9003   9603
  3603   4203   4803   5403   6003   6603   7203   7803   8403   9003   9603  10203
  4203   4803   5403   6003   6603   7203   7803   8403   9003   9603  10203  10803
  4803   5403   6003   6603   7203   7803   8403   9003   9603  10203  10803  11403
  5403   6003   6603   7203   7803   8403   9003   9603  10203  10803  11403  12003
  6003   6603   7203   7803   8403   9003   9603  10203  10803  11403  12003  12603
  6603   7203   7803   8403   9003   9603  10203  10803  11403  12003  12603  13203

Runtime sequential: 11.539831 seconds
Runtime parallel: 0.265766 seconds
Acceleration: 43.421021
Efficiency: 0.819265
<<<
>>> ________ [EVALUATION : Problem #2] ________

>>> 39 2 10 3
[Sequential : Prob = #2, procs = 64, threads = 1, initValue = 10, iterations = 3 ]
  3640   2860   2200   1650   1200    840    560    350    200    100     40     10
  3731   2938   2266   1705   1245    876    588    371    215    110     46     13
  3822   3016   2332   1760   1290    912    616    392    230    120     52     16
  3913   3094   2398   1815   1335    948    644    413    245    130     58     19
  4004   3172   2464   1870   1380    984    672    434    260    140     64     22
  4095   3250   2530   1925   1425   1020    700    455    275    150     70     25
  4186   3328   2596   1980   1470   1056    728    476    290    160     76     28
  4277   3406   2662   2035   1515   1092    756    497    305    170     82     31
  4368   3484   2728   2090   1560   1128    784    518    320    180     88     34
  4459   3562   2794   2145   1605   1164    812    539    335    190     94     37
  4550   3640   2860   2200   1650   1200    840    560    350    200    100     40
  4641   3718   2926   2255   1695   1236    868    581    365    210    106     43

[Parallel : Prob = #2, procs = 64, threads = 39, initValue = 10, iterations = 3 ]
  3640   2860   2200   1650   1200    840    560    350    200    100     40     10
  3731   2938   2266   1705   1245    876    588    371    215    110     46     13
  3822   3016   2332   1760   1290    912    616    392    230    120     52     16
  3913   3094   2398   1815   1335    948    644    413    245    130     58     19
  4004   3172   2464   1870   1380    984    672    434    260    140     64     22
  4095   3250   2530   1925   1425   1020    700    455    275    150     70     25
  4186   3328   2596   1980   1470   1056    728    476    290    160     76     28
  4277   3406   2662   2035   1515   1092    756    497    305    170     82     31
  4368   3484   2728   2090   1560   1128    784    518    320    180     88     34
  4459   3562   2794   2145   1605   1164    812    539    335    190     94     37
  4550   3640   2860   2200   1650   1200    840    560    350    200    100     40
  4641   3718   2926   2255   1695   1236    868    581    365    210    106     43

Runtime sequential: 34.595625 seconds
Runtime parallel: 2.903353 seconds
Acceleration: 11.915749
Efficiency: 0.305532

>>> ________ [EVALUATION : Problem #2 sur 600 iterations] ________

>>> 23 2 7 600
[Sequential : Prob = #2, procs = 64, threads = 1, initValue = 7, iterations = 600 ]
-1024449252 -1178295492 473548780 -331521332 -512976671 425703737 -973846971 -221021907 254527707 1266307   4207      7
1475124196 684382812 1464704540 -216511316 1353645790 1518740049 -160344399 1512131925 1413725561 37446507 184507    607
-320269652 -1747906180 -1839106996 -101501300 -1074699045 -1683190935 653158173 -1049681539 -1722043881 73626707 364807   1207
-2115663500 114772124 -847951236 13508716 791923416 -590154623 1466660745 683472293 -562846027 109806907 545107   1807
383909948 1977450428 143204524 128518732 -1636421419 502881689 -2014803979 -1878341171 596351827 145987107 725407   2407
-1411483900 -454838564 1134360284 243528748 230201042 1595918001 -1201301407 -145187339 1755549681 182167307 905707   3007
1088089548 1407839740 2125516044 358538764 2096823503 -1606012983 -387798835 1587966493 -1380219761 218347507 1086007   3607
-707304300 -1024449252 -1178295492 473548780 -331521332 -512976671 425703737 -973846971 -221021907 254527707 1266307   4207
1792269148 838229052 -187139732 588558796 1535101129 580059641 1239206309 759306861 938175947 290707907 1446607   4807
-3124700 -1594059940 804016028 703568812 -893243706 1673095953 2052708881 -1802506603 2097373801 326888107 1626907   5407
-1798518548 268618364 1795171788 818578828 973378755 -1528835031 -1428755843 -69352771 -1038395641 363068307 1807207   6007
701054900 2131296668 -1508639748 933588844 -1454966080 -435798719 -615253271 1663801061 120802213 399248507 1987507   6607

[Parallel : Prob = #2, procs = 64, threads = 23, initValue = 7, iterations = 600 ]
-1024449252 -1178295492 473548780 -331521332 -512976671 425703737 -973846971 -221021907 254527707 1266307   4207      7
1475124196 684382812 1464704540 -216511316 1353645790 1518740049 -160344399 1512131925 1413725561 37446507 184507    607
-320269652 -1747906180 -1839106996 -101501300 -1074699045 -1683190935 653158173 -1049681539 -1722043881 73626707 364807   1207
-2115663500 114772124 -847951236 13508716 791923416 -590154623 1466660745 683472293 -562846027 109806907 545107   1807
383909948 1977450428 143204524 128518732 -1636421419 502881689 -2014803979 -1878341171 596351827 145987107 725407   2407
-1411483900 -454838564 1134360284 243528748 230201042 1595918001 -1201301407 -145187339 1755549681 182167307 905707   3007
1088089548 1407839740 2125516044 358538764 2096823503 -1606012983 -387798835 1587966493 -1380219761 218347507 1086007   3607
-707304300 -1024449252 -1178295492 473548780 -331521332 -512976671 425703737 -973846971 -221021907 254527707 1266307   4207
1792269148 838229052 -187139732 588558796 1535101129 580059641 1239206309 759306861 938175947 290707907 1446607   4807
-3124700 -1594059940 804016028 703568812 -893243706 1673095953 2052708881 -1802506603 2097373801 326888107 1626907   5407
-1798518548 268618364 1795171788 818578828 973378755 -1528835031 -1428755843 -69352771 -1038395641 363068307 1807207   6007
701054900 2131296668 -1508639748 933588844 -1454966080 -435798719 -615253271 1663801061 120802213 399248507 1987507   6607

Runtime sequential: 873.660398 seconds
Runtime parallel: 73.330605 seconds
Acceleration: 11.913994
Efficiency: 0.518000
<<<
rm -r build/ lab2

>>> [shell process complete]