>>> 16 1 10 2
[Sequential : Prob = #1, procs = 64, threads = 1, initValue = 10, iterations = 2 ]
    10     12     14     16     18     20     22     24     26     28     30     32
    12     14     16     18     20     22     24     26     28     30     32     34
    14     16     18     20     22     24     26     28     30     32     34     36
    16     18     20     22     24     26     28     30     32     34     36     38
    18     20     22     24     26     28     30     32     34     36     38     40
    20     22     24     26     28     30     32     34     36     38     40     42
    22     24     26     28     30     32     34     36     38     40     42     44
    24     26     28     30     32     34     36     38     40     42     44     46
    26     28     30     32     34     36     38     40     42     44     46     48
    28     30     32     34     36     38     40     42     44     46     48     50
    30     32     34     36     38     40     42     44     46     48     50     52
    32     34     36     38     40     42     44     46     48     50     52     54

Runtime sequential: 14.416161 seconds
Runtime parallel: 0.000000 seconds
Acceleration: inf
Efficiency: inf
<<<

>>> 16 1 10 4
[Sequential : Prob = #1, procs = 64, threads = 1, initValue = 12, iterations = 4 ]
    12     16     20     24     28     32     36     40     44     48     52     56
    16     20     24     28     32     36     40     44     48     52     56     60
    20     24     28     32     36     40     44     48     52     56     60     64
    24     28     32     36     40     44     48     52     56     60     64     68
    28     32     36     40     44     48     52     56     60     64     68     72
    32     36     40     44     48     52     56     60     64     68     72     76
    36     40     44     48     52     56     60     64     68     72     76     80
    40     44     48     52     56     60     64     68     72     76     80     84
    44     48     52     56     60     64     68     72     76     80     84     88
    48     52     56     60     64     68     72     76     80     84     88     92
    52     56     60     64     68     72     76     80     84     88     92     96
    56     60     64     68     72     76     80     84     88     92     96    100

Runtime sequential: 28.922692 seconds
Runtime parallel: 0.000000 seconds
Acceleration: inf
Efficiency: inf
<<<

>>> 16 1 10 3
[Sequential : Prob = #1, procs = 64, threads = 1, initValue = 12, iterations = 3 ]
    12     15     18     21     24     27     30     33     36     39     42     45
    15     18     21     24     27     30     33     36     39     42     45     48
    18     21     24     27     30     33     36     39     42     45     48     51
    21     24     27     30     33     36     39     42     45     48     51     54
    24     27     30     33     36     39     42     45     48     51     54     57
    27     30     33     36     39     42     45     48     51     54     57     60
    30     33     36     39     42     45     48     51     54     57     60     63
    33     36     39     42     45     48     51     54     57     60     63     66
    36     39     42     45     48     51     54     57     60     63     66     69
    39     42     45     48     51     54     57     60     63     66     69     72
    42     45     48     51     54     57     60     63     66     69     72     75
    45     48     51     54     57     60     63     66     69     72     75     78