./Lab1 2 0 1
0, 0, 0, 0, 0, 0, 0, 0
1, 1, 1, 1, 1, 1, 1, 1
2, 2, 2, 2, 2, 2, 2, 2
3, 3, 3, 3, 3, 3, 3, 3
4, 4, 4, 4, 4, 4, 4, 4
5, 5, 5, 5, 5, 5, 5, 5
6, 6, 6, 6, 6, 6, 6, 6
7, 7, 7, 7, 7, 7, 7, 7


./Lab1 2 5 3
5, 35, 160, 610, 2115, 6945, 22070, 68720
11, 60, 250, 911, 3081, 9970, 31400, 97221
17, 85, 340, 1212, 4047, 12995, 40730, 125722
23, 110, 430, 1513, 5013, 16020, 50060, 154223
29, 135, 520, 1814, 5979, 19045, 59390, 182724
35, 160, 610, 2115, 6945, 22070, 68720, 211225
41, 185, 700, 2416, 7911, 25095, 78050, 239726
47, 210, 790, 2717, 8877, 28120, 87380, 268227
Time : 0.003014

